I"&)<p>Coming soon…</p>

<p>I am working hard to collate my portfolio of apps and web apps here. 🤓</p>
<div class="image-center">
  <svg width="90px" height="88px" viewBox="0 0 90 88" version="1.1" xmlns="http://www.w3.org/2000/svg" xmlns:xlink="http://www.w3.org/1999/xlink">
    <g stroke="none" stroke-width="1" fill="none" fill-rule="evenodd">
      <g>
        <path d="M85.365,78.082 C71.34,81.008 56.528,81.623 42.258,82.423 C34.845,82.838 27.427,83.154 20.009,83.463 C16.528,83.608 13.046,83.76 9.561,83.745 C7.343,83.736 4.351,84.102 2.227,83.245 C1.664,83.018 1.233,82.73 0.91,82.394 C-0.518,86.825 11.057,85.744 13.215,85.627 C16.512,85.449 19.81,85.271 23.107,85.092 C30.173,84.709 37.238,84.309 44.301,83.868 C51.363,83.427 58.422,82.942 65.477,82.396 C68.769,82.141 72.06,81.879 75.35,81.599 C77.23,81.439 79.11,81.273 80.989,81.102 C81.943,81.015 90.274,80.656 87.795,77.153 C87.213,77.547 86.423,77.862 85.365,78.082 Z" id="Path"></path>
        <path d="M6.863,82.138 C8.168,82.179 9.475,82.18 10.78,82.169 C21.698,82.081 32.66,81.365 43.558,80.719 C54.898,80.047 66.227,79.115 77.486,77.581 C78.864,77.393 80.24,77.196 81.616,76.99 C83.808,76.66 85.342,76.907 86.608,74.912 C87.801,73.034 87.103,72.312 86.393,70.331 C85.939,69.064 85.471,67.802 84.99,66.545 C83.078,61.552 80.917,56.666 78.589,51.854 C76.482,52.573 73.903,52.41 71.848,52.566 C62.567,53.271 53.286,53.976 44.006,54.681 C34.589,55.397 24.9,56.865 15.46,56.8 C14.835,56.796 14.261,56.734 13.714,56.641 C10.969,61.446 8.195,66.237 5.66,71.158 C4.804,72.82 2.283,76.221 2.245,78.104 C2.696,79.391 3.147,80.679 3.598,81.966 C4.685,82.056 5.773,82.114 6.863,82.138 Z M51.398,76.715 C51.393,76.97 51.237,77.221 50.907,77.243 C45.804,77.577 40.665,77.751 35.553,77.903 C35.095,77.917 35.058,77.231 35.514,77.194 C40.451,76.793 45.413,76.413 50.362,76.178 C49.717,74.211 49.15,73.403 46.762,73.265 C45.565,73.196 44.211,73.395 43.013,73.456 C41.805,73.517 40.458,73.422 39.264,73.647 C36.842,74.103 36.144,74.761 35.435,77.012 C35.292,77.467 34.613,77.336 34.701,76.853 C34.91,75.71 34.877,73.608 35.899,72.836 C36.674,72.251 38.341,72.49 39.197,72.437 C40.654,72.347 42.112,72.263 43.569,72.177 C45.127,72.084 48.893,71.073 50.26,72.051 C51.33,72.816 51.372,75.06 51.585,76.254 C51.62,76.462 51.533,76.615 51.398,76.715 Z M16.357,60.681 C35.987,58.337 55.749,56.84 75.436,55.048 C76.271,54.972 76.339,56.27 75.508,56.346 C55.826,58.137 36.125,60.234 16.4,61.47 C15.888,61.502 15.856,60.741 16.357,60.681 Z M13.061,65.905 C33.95,63.541 55.141,62.097 76.125,60.843 C76.774,60.804 76.822,61.785 76.181,61.846 C55.257,63.842 34.099,65.683 13.098,66.566 C12.668,66.585 12.64,65.952 13.061,65.905 Z M12.892,69.412 C33.833,67.913 54.896,67.369 75.874,66.341 C76.011,66.112 76.264,65.95 76.601,66 C77.168,66.083 77.734,66.167 78.301,66.25 C79.148,66.375 78.997,67.668 78.185,67.715 C56.519,68.955 34.64,70.308 12.933,70.148 C12.462,70.144 12.416,69.446 12.892,69.412 Z" id="Shape"></path>
        <path d="M20.244,54.783 L30.685,53.99 C38.11,53.426 45.534,52.863 52.959,52.299 C60.383,51.735 67.812,51.211 75.233,50.608 C78.01,50.383 80.397,49.117 80.912,46.226 C81.194,44.641 81.05,42.962 80.986,41.365 C80.849,37.945 80.697,34.526 80.552,31.106 C80.24,23.73 80.321,16.193 79.285,8.873 C79.129,7.769 79.008,6.593 78.692,5.524 C78.121,3.594 76.242,2.751 74.266,2.442 C72.61,2.183 70.606,2.614 68.937,2.7 C65.155,2.897 61.374,3.091 57.592,3.286 C42.466,4.062 27.341,4.975 12.203,5.48 C12.031,5.486 11.9,5.426 11.803,5.335 C9.086,7.289 8.334,10.644 7.896,13.872 C7.318,18.126 6.992,22.463 6.739,26.746 C6.287,34.423 5.697,44.212 9.148,51.316 C11.374,55.896 15.973,55.108 20.244,54.783 Z M14.576,49.942 C10.367,36.877 9.131,22.533 12.24,9.088 C12.181,9.087 12.122,9.087 12.063,9.086 C11.705,9.079 11.666,8.539 12.032,8.524 C22.444,8.085 32.874,8.013 43.291,7.699 C53.689,7.386 64.15,6.577 74.551,6.658 C75.047,6.662 75.211,7.188 75.003,7.499 C76.294,8.79 76.494,10.5 76.684,12.343 C77.068,16.066 77.275,19.813 77.38,23.553 C77.585,30.846 77.39,38.193 76.403,45.428 C76.329,45.972 75.403,45.899 75.436,45.351 C75.812,39.279 76.192,33.222 76.149,27.134 C76.127,24.092 76.018,21.05 75.828,18.013 C75.646,15.098 76.018,10.164 73.765,8.015 C73.692,7.946 73.642,7.872 73.61,7.796 C63.583,8.614 53.399,8.527 43.349,8.743 C33.217,8.961 23.062,9.255 12.926,9.094 C10.949,22.856 11.427,36.253 15.656,49.576 C15.878,50.279 14.801,50.639 14.576,49.942 Z M16.034,50.099 C20.653,49.028 25.638,49.038 30.357,48.67 C35.107,48.299 39.858,47.937 44.609,47.573 C54.584,46.809 64.557,45.954 74.54,45.306 C75.456,45.247 75.527,46.646 74.619,46.724 C64.889,47.558 55.138,48.192 45.399,48.913 C40.41,49.282 35.421,49.654 30.432,50.016 C25.742,50.357 20.855,51.112 16.16,50.75 C15.821,50.725 15.631,50.192 16.034,50.099 Z" id="Shape"></path>
        <path d="M88.945,76.148 C88.909,76.103 88.87,76.064 88.829,76.029 C89.719,74.323 88.737,71.872 87.753,69.164 C85.521,63.017 82.913,57.022 80.014,51.162 C80.18,51.052 80.341,50.933 80.494,50.803 C82.287,49.273 82.666,46.71 82.745,44.493 C83.069,35.338 82.072,25.882 81.599,16.732 C81.342,11.76 82.173,1.78 75.477,0.883 C71.133,0.301 66.131,1.247 61.76,1.487 C56.088,1.797 50.417,2.109 44.745,2.42 C34.597,2.977 24.446,3.49 14.307,4.199 C14.127,4.358 13.891,4.471 13.586,4.492 C12.248,4.586 10.926,4.811 9.598,4.985 C5.883,8.75 5.98,15.49 5.537,20.395 C4.745,29.157 4.301,38.047 6.02,46.731 C6.915,51.256 8.562,55.152 12.614,56.386 C9.06,61.608 5.955,67.109 3.118,72.754 C2.049,74.882 -0.717,78.973 0.348,81.54 C-0.29,82.832 -0.043,84.401 1.027,85.559 C3.291,88.009 7.541,87.207 10.46,87.07 C21.299,86.561 32.136,86.025 42.968,85.4 C53.799,84.775 64.625,84.061 75.435,83.143 C77.791,82.942 94.275,82.809 88.945,76.148 Z M9.15,51.317 C5.699,44.214 6.289,34.424 6.741,26.747 C6.993,22.464 7.32,18.128 7.898,13.873 C8.337,10.644 9.088,7.29 11.805,5.336 C11.901,5.426 12.033,5.487 12.205,5.481 C27.342,4.976 42.468,4.064 57.594,3.287 C61.376,3.093 65.157,2.898 68.939,2.701 C70.608,2.614 72.612,2.184 74.268,2.443 C76.244,2.752 78.123,3.595 78.694,5.525 C79.01,6.594 79.131,7.77 79.287,8.874 C80.323,16.194 80.242,23.73 80.554,31.107 C80.699,34.526 80.85,37.946 80.988,41.366 C81.052,42.963 81.197,44.642 80.914,46.227 C80.399,49.118 78.012,50.383 75.235,50.609 C67.814,51.212 60.385,51.736 52.961,52.3 C45.536,52.864 38.112,53.427 30.687,53.991 L20.246,54.784 C15.973,55.108 11.374,55.896 9.15,51.317 Z M5.66,71.157 C8.195,66.236 10.969,61.445 13.714,56.64 C14.26,56.733 14.834,56.795 15.46,56.799 C24.9,56.864 34.589,55.396 44.004,54.681 C53.285,53.976 62.566,53.271 71.846,52.566 C73.901,52.41 76.48,52.573 78.587,51.854 C80.915,56.665 83.076,61.552 84.988,66.545 C85.469,67.802 85.937,69.064 86.391,70.331 C87.101,72.311 87.799,73.034 86.606,74.912 C85.339,76.906 83.806,76.66 81.614,76.99 C80.239,77.197 78.862,77.394 77.484,77.581 C66.226,79.115 54.896,80.047 43.556,80.719 C32.658,81.365 21.697,82.08 10.778,82.169 C9.473,82.18 8.166,82.179 6.861,82.138 C5.771,82.114 4.683,82.056 3.596,81.965 C3.145,80.678 2.694,79.39 2.243,78.103 C2.283,76.221 4.804,72.82 5.66,71.157 Z M80.989,81.104 C79.11,81.276 77.23,81.441 75.35,81.601 C72.06,81.881 68.769,82.143 65.477,82.398 C58.422,82.944 51.363,83.428 44.301,83.87 C37.238,84.312 30.173,84.711 23.107,85.094 C19.809,85.273 16.512,85.45 13.215,85.629 C11.057,85.746 -0.518,86.827 0.91,82.396 C1.233,82.731 1.664,83.02 2.227,83.247 C4.351,84.104 7.343,83.738 9.561,83.747 C13.046,83.761 16.528,83.61 20.009,83.465 C27.427,83.156 34.845,82.84 42.258,82.425 C56.528,81.626 71.339,81.01 85.365,78.084 C86.424,77.863 87.213,77.548 87.796,77.157 C90.274,80.658 81.943,81.017 80.989,81.104 Z" id="Shape" fill="#000000" fill-rule="nonzero"></path>
        <path d="M12.926,9.096 C23.062,9.257 33.216,8.963 43.349,8.745 C53.399,8.529 63.582,8.616 73.61,7.798 C73.642,7.874 73.693,7.948 73.765,8.017 C76.018,10.166 75.645,15.1 75.828,18.015 C76.018,21.051 76.127,24.093 76.149,27.136 C76.192,33.223 75.812,39.281 75.436,45.353 C75.402,45.9 76.328,45.974 76.403,45.43 C77.391,38.195 77.586,30.848 77.38,23.555 C77.275,19.815 77.069,16.067 76.684,12.345 C76.494,10.502 76.293,8.792 75.003,7.501 C75.212,7.189 75.048,6.664 74.551,6.66 C64.15,6.579 53.689,7.387 43.291,7.701 C32.874,8.015 22.444,8.087 12.032,8.526 C11.666,8.541 11.705,9.081 12.063,9.088 C12.122,9.089 12.181,9.089 12.24,9.09 C9.132,22.536 10.367,36.879 14.576,49.944 C14.801,50.641 15.878,50.281 15.656,49.581 C11.427,36.256 10.949,22.859 12.926,9.096 Z" id="Path" fill="#000000" fill-rule="nonzero"></path>
        <path d="M30.432,50.016 C35.421,49.654 40.41,49.282 45.399,48.913 C55.138,48.192 64.889,47.558 74.619,46.724 C75.527,46.646 75.456,45.246 74.54,45.306 C64.557,45.954 54.584,46.809 44.609,47.573 C39.858,47.937 35.107,48.299 30.357,48.67 C25.638,49.038 20.653,49.028 16.034,50.099 C15.63,50.193 15.82,50.725 16.159,50.751 C20.855,51.112 25.741,50.357 30.432,50.016 Z" id="Path" fill="#000000" fill-rule="nonzero"></path>
        <path d="M50.259,72.05 C48.891,71.073 45.125,72.084 43.568,72.176 C42.111,72.263 40.653,72.346 39.196,72.436 C38.341,72.489 36.674,72.25 35.898,72.835 C34.875,73.607 34.908,75.709 34.7,76.852 C34.612,77.335 35.29,77.466 35.434,77.011 C36.144,74.759 36.842,74.101 39.263,73.646 C40.457,73.421 41.804,73.517 43.012,73.455 C44.21,73.394 45.564,73.196 46.761,73.264 C49.149,73.401 49.716,74.21 50.361,76.177 C45.413,76.412 40.45,76.791 35.513,77.193 C35.057,77.23 35.095,77.916 35.552,77.902 C40.664,77.75 45.803,77.576 50.906,77.242 C51.236,77.22 51.392,76.969 51.397,76.714 C51.532,76.614 51.62,76.461 51.583,76.251 C51.371,75.059 51.329,72.815 50.259,72.05 Z" id="Path" fill="#000000" fill-rule="nonzero"></path>
        <path d="M12.933,70.148 C34.64,70.308 56.519,68.955 78.185,67.715 C78.997,67.669 79.149,66.375 78.301,66.25 C77.734,66.167 77.168,66.083 76.601,66 C76.263,65.95 76.01,66.112 75.874,66.341 C54.897,67.369 33.833,67.913 12.892,69.412 C12.416,69.446 12.462,70.144 12.933,70.148 Z" id="Path" fill="#000000" fill-rule="nonzero"></path>
        <path d="M13.098,66.567 C34.099,65.684 55.257,63.843 76.181,61.847 C76.822,61.786 76.774,60.805 76.125,60.844 C55.141,62.097 33.949,63.542 13.061,65.906 C12.64,65.952 12.668,66.585 13.098,66.567 Z" id="Path" fill="#000000" fill-rule="nonzero"></path>
        <path d="M16.4,61.47 C36.124,60.233 55.826,58.137 75.507,56.346 C76.338,56.27 76.27,54.972 75.435,55.048 C55.748,56.84 35.986,58.337 16.356,60.681 C15.856,60.741 15.888,61.502 16.4,61.47 Z" id="Path" fill="#000000" fill-rule="nonzero"></path>
      </g>
    </g>
  </svg>
</div>
:ET